tree
version=v4
num_class=1
num_tree_per_iteration=1
label_index=0
max_feature_idx=5
objective=binary sigmoid:1
feature_names=Pclass Sex Age SibSp Parch Fare
feature_infos=[1:3] [0:1] [0.41999999999999998:80] [0:8] [0:6] [0:512.32920000000001]
tree_sizes=659 664 666 670 667 667 668 665 665 668 668 667 670 669 671 669 669 668 671 665 666 664 671 666 670 667 672 673 668 671 668 663 675 671 670 665 665 662 675 665 674 668 669 674 672 673 667 671 677 668 669 672 666 682 669 668 677 665 676 664 670 670 674 674 670 684 673 668 670 672 672 673 678 676 671 673 671 666 672 672 676 667 675 672 665 677 673 674 672 666 672 671 676 674 673 678 676 677 668 670

Tree=0
num_leaves=5
num_cat=0
split_feature=1 0 2 5
split_gain=176.72 54.2756 23.8685 12.8112
threshold=1.0000000180025095e-35 2.5000000000000004 6.5000000000000009 21.037500000000005
decision_type=2 2 8 2
left_child=1 -1 -2 -3
right_child=2 3 -4 -5
leaf_value=-0.27473352987127136 -0.38773481276776883 -0.44361890422203842 -0.61963222886217262 -0.61633510920206258
leaf_weight=25.663426220417023 4.666077494621276 18.431006103754047 90.988511145114899 5.5992929935455313
leaf_count=110 20 79 390 24
internal_value=-0.528844 -0.375862 -0.60832 -0.483863
internal_weight=145.348 49.6937 95.6546 24.0303
internal_count=623 213 410 103
is_linear=0
shrinkage=1


Tree=1
num_leaves=5
num_cat=0
split_feature=1 0 2 5
split_gain=140.99 39.9514 19.5232 10.2865
threshold=1.0000000180025095e-35 2.5000000000000004 6.5000000000000009 21.037500000000005
decision_type=2 2 8 2
left_child=1 -1 -2 -3
right_child=2 3 -4 -5
leaf_value=0.21679633745475468 0.12279695715679891 0.075072162667571787 -0.083922957999963493 -0.08079117442910326
leaf_weight=26.987543106079102 4.8166874051094046 18.809315502643589 88.709207028150558 5.4644218683242789
leaf_count=110 20 79 390 24
internal_value=-0.00022022 0.133071 -0.0732767 0.0399847
internal_weight=144.787 51.2613 93.5259 24.2737
internal_count=623 213 410 103
is_linear=0
shrinkage=0.1


Tree=2
num_leaves=5
num_cat=0
split_feature=1 0 2 5
split_gain=114.25 31.3459 16.0675 10.4441
threshold=1.0000000180025095e-35 2.5000000000000004 6.5000000000000009 52.277100000000011
decision_type=2 2 8 2
left_child=1 -1 -2 -4
right_child=2 -3 3 -5
leaf_value=0.19140717134360691 0.10821688587298278 0.035702481843751799 -0.090410015332312854 0.017404029742420911
leaf_weight=27.476935833692551 4.9132761359214774 24.420495241880417 76.177862286567688 10.186574608087538
leaf_count=110 20 103 344 46
internal_value=-0.000328967 0.11814 -0.0676863 -0.0776935
internal_weight=143.175 51.8974 91.2777 86.3644
internal_count=623 213 410 390
is_linear=0
shrinkage=0.1


Tree=3
num_leaves=5
num_cat=0
split_feature=1 0 2 0
split_gain=93.4644 25.7662 13.2819 9.57306
threshold=1.0000000180025095e-35 2.5000000000000004 6.5000000000000009 1.5000000000000002
decision_type=2 2 8 2
left_child=1 -1 -2 -4
right_child=2 -3 3 -5
leaf_value=0.17289504584689042 0.096228563676841058 0.03188216373663099 -0.0044646940874685992 -0.088891837675678084
leaf_weight=27.377889901399612 4.9694234132766715 24.601761639118195 16.783933639526367 67.215322971343994
leaf_count=110 20 103 77 313
internal_value=-0.000381482 0.106154 -0.0626246 -0.0720224
internal_weight=140.948 51.9797 88.9687 83.9993
internal_count=623 213 410 390
is_linear=0
shrinkage=0.1


Tree=4
num_leaves=5
num_cat=0
split_feature=1 0 2 5
split_gain=76.984 21.8428 11.0095 8.43917
threshold=1.0000000180025095e-35 2.5000000000000004 6.5000000000000009 52.277100000000011
decision_type=2 2 8 2
left_child=1 -1 -2 -4
right_child=2 -3 3 -5
leaf_value=0.15872234284366649 0.086126134919138231 0.028509842699343993 -0.078912830380106908 0.018542124208476361
leaf_weight=26.864677369594574 4.9954286217689505 24.75212374329567 71.511478424072266 10.146458163857458
leaf_count=110 20 103 344 46
internal_value=-0.000398464 0.0962807 -0.0579874 -0.0668035
internal_weight=138.27 51.6168 86.6534 81.6579
internal_count=623 213 410 390
is_linear=0
shrinkage=0.1


Tree=5
num_leaves=5
num_cat=0
split_feature=1 0 2 5
split_gain=63.715 18.9263 9.19462 8.24621
threshold=1.0000000180025095e-35 2.5000000000000004 9.5000000000000018 26.268750000000004
decision_type=2 2 8 2
left_child=1 -1 -2 -4
right_child=2 -3 3 -5
leaf_value=0.14746172165968321 0.06150662183189759 0.025522655349768608 -0.082604711481992082 -0.00872120574788777
leaf_weight=26.064907610416412 6.3995878696441642 24.877146303653717 57.461140304803848 20.494198381900787
leaf_count=110 27 103 287 96
internal_value=-0.000392995 0.0879137 -0.0537216 -0.063181
internal_weight=135.297 50.9421 84.3549 77.9553
internal_count=623 213 410 383
is_linear=0
shrinkage=0.1


Tree=6
num_leaves=5
num_cat=0
split_feature=1 0 5 2
split_gain=52.9009 16.6573 8.09521 7.80173
threshold=1.0000000180025095e-35 2.5000000000000004 21.037500000000005 6.5000000000000009
decision_type=2 2 2 8
left_child=1 -1 -3 -2
right_child=3 2 -4 -5
leaf_value=0.13824367181353889 0.071426898133918157 0.053219429653471241 -0.083900950078176065 -0.057584960238669075
leaf_weight=25.07353201508522 4.9905201792716971 19.451972723007206 5.5293753147125235 77.171920984983444
leaf_count=110 20 79 24 390
internal_value=-0.000377594 0.0806627 0.0228692 -0.0497488
internal_weight=132.217 50.0549 24.9813 82.1624
internal_count=623 213 103 410
is_linear=0
shrinkage=0.1


Tree=7
num_leaves=5
num_cat=0
split_feature=1 0 5 2
split_gain=44.0352 14.7759 6.6197 6.5504
threshold=1.0000000180025095e-35 2.5000000000000004 21.037500000000005 9.5000000000000018
decision_type=2 2 2 8
left_child=1 -1 -3 -2
right_child=3 2 -4 -5
leaf_value=0.13050586991615809 0.051284999792183317 0.047602542242320453 -0.077535507193847719 -0.054398534119791335
leaf_weight=23.961637914180756 6.3715636134147635 19.565880149602894 5.3922797441482535 73.738328948616982
leaf_count=110 27 79 24 383
internal_value=-0.000341506 0.0744162 0.0205661 -0.045993
internal_weight=129.03 48.9198 24.9582 80.1099
internal_count=623 213 103 410
is_linear=0
shrinkage=0.1


Tree=8
num_leaves=5
num_cat=0
split_feature=1 0 0 2
split_gain=36.7129 13.202 6.62914 6.5144
threshold=1.0000000180025095e-35 2.5000000000000004 1.5000000000000002 9.5000000000000018
decision_type=2 2 2 8
left_child=1 -1 -2 -4
right_child=2 -3 3 -5
leaf_value=0.12386708517285305 0.015060975942742928 0.01852446614494177 0.040650284574090825 -0.067900815672132936
leaf_weight=22.782452702522278 15.943552419543265 24.898776829242706 6.132598176598548 56.121471479535103
leaf_count=110 78 103 26 306
internal_value=-0.000302226 0.068858 -0.0424729 -0.0572075
internal_weight=125.879 47.6812 78.1976 62.2541
internal_count=623 213 410 332
is_linear=0
shrinkage=0.1


Tree=9
num_leaves=5
num_cat=0
split_feature=1 0 5 5
split_gain=30.6159 11.9049 6.2013 5.40292
threshold=1.0000000180025095e-35 2.5000000000000004 52.277100000000011 21.037500000000005
decision_type=2 2 2 2
left_child=1 -1 -2 -3
right_child=2 3 -4 -5
leaf_value=0.11805896259538491 -0.050309935578334436 0.040754539083462771 0.034219640363140451 -0.073106913231666057
leaf_weight=21.575633436441422 66.340972319245338 19.669847369194034 9.9852001816034299 5.2878420352935782
leaf_count=110 363 79 47 24
internal_value=-0.000274016 0.0636588 -0.0392515 0.0166305
internal_weight=122.859 46.5333 76.3262 24.9577
internal_count=623 213 410 103
is_linear=0
shrinkage=0.1


Tree=10
num_leaves=5
num_cat=0
split_feature=1 0 3 2
split_gain=25.5354 10.7284 6.00905 21.529
threshold=1.0000000180025095e-35 2.5000000000000004 2.5000000000000004 14.250000000000002
decision_type=2 2 2 8
left_child=1 -1 3 -2
right_child=2 -3 -4 -5
leaf_value=0.11288663698489983 0.19740970204781397 0.015000578728815118 -0.14819889357574173 -0.042449365447321516
leaf_weight=20.370435267686844 3.9656552672386161 24.863127440214157 4.493867576122283 66.372959062457085
leaf_count=110 17 103 21 372
internal_value=-0.000234089 0.0590825 -0.0360888 -0.0289262
internal_weight=120.066 45.2336 74.8325 70.3386
internal_count=623 213 410 389
is_linear=0
shrinkage=0.1


Tree=11
num_leaves=5
num_cat=0
split_feature=1 0 5 5
split_gain=21.2974 9.72507 5.46729 5.06035
threshold=1.0000000180025095e-35 2.5000000000000004 52.277100000000011 7.7625000000000011
decision_type=2 2 2 2
left_child=1 -1 -2 -3
right_child=2 3 -4 -5
leaf_value=0.10820493782291277 -0.044100296800232058 0.098215375493705459 0.035827666437289622 -0.010502074707345035
leaf_weight=19.18812096118927 63.251604318618774 5.4929120838642147 9.897141292691229 19.410846635699272
leaf_count=110 363 22 47 81
internal_value=-0.00019566 0.0547013 -0.0332859 0.0134773
internal_weight=117.241 44.0919 73.1487 24.9038
internal_count=623 213 410 103
is_linear=0
shrinkage=0.1


Tree=12
num_leaves=5
num_cat=0
split_feature=1 0 3 2
split_gain=17.7417 8.80808 5.19058 17.8257
threshold=1.0000000180025095e-35 2.5000000000000004 2.5000000000000004 14.250000000000002
decision_type=2 2 2 8
left_child=1 -1 3 -2
right_child=2 -3 -4 -5
leaf_value=0.10390350057879356 0.18241890831885943 0.012136571980833989 -0.13706870807939803 -0.036560623744472082
leaf_weight=18.043786883354187 3.9481396675109854 24.883931905031204 4.3004246503114691 63.606367230415344
leaf_count=110 17 103 21 372
internal_value=-0.000156021 0.0507089 -0.0305439 -0.0237626
internal_weight=114.783 42.9277 71.8549 67.5545
internal_count=623 213 410 389
is_linear=0
shrinkage=0.1


Tree=13
num_leaves=5
num_cat=0
split_feature=1 0 0 2
split_gain=14.7879 7.98706 5.22044 4.75457
threshold=1.0000000180025095e-35 2.5000000000000004 1.5000000000000002 6.5000000000000009
decision_type=2 2 2 10
left_child=1 -1 -2 -3
right_child=2 3 -4 -5
leaf_value=0.099896935254247782 0.023604031111114011 0.063884385247195183 -0.04248273384433561 -0.025116722572250422
leaf_weight=16.947793960571289 15.26813620328903 10.084303617477419 55.051283165812492 14.828457430005072
leaf_count=110 78 42 332 61
internal_value=-0.000120516 0.0469373 -0.0281336 0.0109096
internal_weight=112.18 41.8606 70.3194 24.9128
internal_count=623 213 410 103
is_linear=0
shrinkage=0.1


Tree=14
num_leaves=5
num_cat=0
split_feature=1 0 3 2
split_gain=12.2922 7.23656 4.42829 14.9264
threshold=1.0000000180025095e-35 2.5000000000000004 2.5000000000000004 14.250000000000002
decision_type=2 2 2 8
left_child=1 -1 3 -2
right_child=2 -3 -4 -5
leaf_value=0.096118433682461146 0.17030897577456464 0.0097988122620515632 -0.12712964799289059 -0.031516567841209785
leaf_weight=15.906864255666731 3.8974506109952918 24.938645720481873 4.0567287206649771 61.281245335936546
leaf_count=110 17 103 21 372
internal_value=-9.1044e-05 0.0434151 -0.0257575 -0.0194481
internal_weight=110.081 40.8455 69.2354 65.1787
internal_count=623 213 410 389
is_linear=0
shrinkage=0.1


Tree=15
num_leaves=5
num_cat=0
split_feature=1 0 5 5
split_gain=10.2315 6.54394 4.59176 4.23372
threshold=1.0000000180025095e-35 2.5000000000000004 52.277100000000011 21.037500000000005
decision_type=2 2 2 2
left_child=1 -1 -2 -3
right_child=2 3 -4 -5
leaf_value=0.092515269173985282 -0.03429127600684944 0.030031124477744472 0.040146843028748838 -0.071124535086827173
leaf_weight=14.924949705600737 58.182203471660614 19.723632380366329 9.663140803575514 5.2358998060226432
leaf_count=110 363 79 47 24
internal_value=-6.02409e-05 0.0401336 -0.0236891 0.00881114
internal_weight=107.73 39.8845 67.8453 24.9595
internal_count=623 213 410 103
is_linear=0
shrinkage=0.1


Tree=16
num_leaves=5
num_cat=0
split_feature=1 0 0 2
split_gain=8.51022 5.88765 4.12878 4.18812
threshold=1.0000000180025095e-35 2.5000000000000004 1.5000000000000002 32.250000000000007
decision_type=2 2 2 8
left_child=1 -1 -2 -4
right_child=2 -3 3 -5
leaf_value=0.089045717110490488 0.024263164540791068 0.0079534410795600585 -0.0094325087298164079 -0.066630337675687309
leaf_weight=14.003905802965162 15.14837935566902 24.824950024485588 28.532867282629013 23.218756772577763
leaf_count=110 78 103 177 155
internal_value=-4.00164e-05 0.0372 -0.0216541 -0.0350947
internal_weight=105.729 38.8289 66.9 51.7516
internal_count=623 213 410 332
is_linear=0
shrinkage=0.1


Tree=17
num_leaves=5
num_cat=0
split_feature=1 0 2 3
split_gain=7.0667 5.29996 3.93829 3.936
threshold=1.0000000180025095e-35 2.5000000000000004 6.5000000000000009 2.5000000000000004
decision_type=2 2 10 2
left_child=1 -1 -3 -2
right_child=3 2 -4 -5
leaf_value=0.085676848240108849 -0.013775842956310083 0.05532123992560254 -0.025762461382280784 -0.11854265956019977
leaf_weight=13.144020214676855 62.150762259960175 10.083690106868746 14.755919650197027 3.8055532127618781
leaf_count=110 389 42 61 21
internal_value=-3.33643e-05 0.0343261 0.00715363 -0.0198207
internal_weight=103.94 37.9836 24.8396 65.9563
internal_count=623 213 103 410
is_linear=0
shrinkage=0.1


Tree=18
num_leaves=5
num_cat=0
split_feature=1 0 5 2
split_gain=5.8497 4.75646 3.72755 3.73064
threshold=1.0000000180025095e-35 2.5000000000000004 7.7625000000000011 6.5000000000000009
decision_type=2 2 2 10
left_child=1 -1 -3 -4
right_child=-2 2 3 -5
leaf_value=0.082382946236040089 -0.018040754406267286 0.079326550657622258 0.041709838872367615 -0.048638054872440772
leaf_weight=12.344424203038214 65.298002704977989 5.4703035950660732 7.3913018852472332 11.974829107522963
leaf_count=110 410 22 31 50
internal_value=-1.22685e-05 0.0316498 0.00643401 -0.0141558
internal_weight=102.479 37.1809 24.8364 19.3661
internal_count=623 213 103 81
is_linear=0
shrinkage=0.1


Tree=19
num_leaves=5
num_cat=0
split_feature=5 3 2 5
split_gain=5.30986 8.03571 8.61237 5.00784
threshold=10.481250000000001 2.5000000000000004 8.5000000000000018 52.277100000000011
decision_type=2 2 8 2
left_child=-1 2 -2 -4
right_child=1 -3 3 -5
leaf_value=-0.029088096417815131 0.15016384607017824 -0.086699472942766823 -0.0021334213531261268 0.068165889772220073
leaf_weight=38.687829568982124 5.4192735105752936 6.5506463125348082 36.301291465759277 14.057191804051397
leaf_count=236 27 36 232 92
internal_value=1.2484e-05 0.0180755 0.0303805 0.0174901
internal_weight=101.016 62.3284 55.7778 50.3585
internal_count=623 387 351 324
is_linear=0
shrinkage=0.1


Tree=20
num_leaves=5
num_cat=0
split_feature=1 0 5 5
split_gain=4.8066 3.84987 3.32312 5.86053
threshold=1.0000000180025095e-35 2.5000000000000004 21.037500000000005 15.075000000000001
decision_type=2 2 2 2
left_child=1 -1 3 -3
right_child=-2 2 -4 -5
leaf_value=0.07768228292257294 -0.016405944604798772 -0.0060375981838010993 -0.065113330550437179 0.11967897925657284
leaf_weight=11.277746535837649 64.076129570603371 14.644773617386823 5.058337837457656 4.965342089533805
leaf_count=110 410 59 24 20
internal_value=1.31396e-05 0.0292811 0.00715337 0.0257942
internal_weight=100.022 35.9462 24.6685 19.6101
internal_count=623 213 103 79
is_linear=0
shrinkage=0.1


Tree=21
num_leaves=5
num_cat=0
split_feature=5 3 2 5
split_gain=3.98474 6.34671 7.50255 4.79995
threshold=10.481250000000001 2.5000000000000004 9.5000000000000018 8.5854500000000016
decision_type=2 2 8 2
left_child=3 2 -2 -1
right_child=1 -3 -4 -5
leaf_value=-0.011131430541571093 0.1366398839142845 -0.079580844679192214 0.014310857343169187 -0.11408851018324094
leaf_weight=32.648016452789307 5.5863356143236151 6.2447501271963111 48.901775546371937 5.2573719918727866
leaf_count=206 29 36 322 30
internal_value=2.99603e-05 0.0159087 0.0268525 -0.0254113
internal_weight=98.6382 60.7329 54.4881 37.9054
internal_count=623 387 351 236
is_linear=0
shrinkage=0.1


Tree=22
num_leaves=5
num_cat=0
split_feature=1 0 5 2
split_gain=4.01987 3.23229 3.33369 2.85523
threshold=1.0000000180025095e-35 2.5000000000000004 7.7625000000000011 9.5000000000000018
decision_type=2 2 2 8
left_child=1 -1 -3 -2
right_child=3 2 -4 -5
leaf_value=0.073760740681580436 0.054574604027533662 0.076194390437860526 -0.012501304408908637 -0.021538925724211927
leaf_weight=10.464864328503607 5.3886651322245589 5.4580116122961071 18.951613813638687 57.718004390597343
leaf_count=110 27 22 81 383
internal_value=1.78256e-05 0.0272648 0.00733112 -0.0150396
internal_weight=97.9812 34.8745 24.4096 63.1067
internal_count=623 213 103 410
is_linear=0
shrinkage=0.1


Tree=23
num_leaves=5
num_cat=0
split_feature=5 3 2 5
split_gain=3.44131 3.08478 6.84516 5.61184
threshold=7.0896000000000008 2.5000000000000004 9.5000000000000018 52.277100000000011
decision_type=2 2 8 2
left_child=-1 2 -2 -4
right_child=1 -3 3 -5
leaf_value=-0.098154445739965401 0.11373803040392333 -0.063886973875916991 -0.010592092360256725 0.060449138910470962
leaf_weight=3.4423496276140204 5.7766753509640685 6.3030793219804755 67.740743473172188 13.303160876035689
leaf_count=24 31 37 439 92
internal_value=3.22008e-05 0.00366171 0.00856567 0.00106915
internal_weight=96.566 93.1237 86.8206 81.0439
internal_count=623 599 562 531
is_linear=0
shrinkage=0.1


Tree=24
num_leaves=5
num_cat=0
split_feature=1 0 5 5
split_gain=3.28447 2.67492 2.78902 2.76544
threshold=1.0000000180025095e-35 2.5000000000000004 7.7625000000000011 15.372900000000001
decision_type=2 2 2 2
left_child=1 -1 -3 -4
right_child=-2 2 3 -5
leaf_value=0.069525895731404844 -0.013696686587615066 0.070466142694948039 -0.048423086475445007 0.028267510242213939
leaf_weight=9.6624751165509206 61.803077086806297 5.4260141849517849 9.6129161268472689 9.2038899809122068
leaf_count=110 410 22 39 42
internal_value=2.43358e-05 0.0250352 0.00730254 -0.0109113
internal_weight=95.7084 33.9053 24.2428 18.8168
internal_count=623 213 103 81
is_linear=0
shrinkage=0.1


Tree=25
num_leaves=5
num_cat=0
split_feature=5 3 2 5
split_gain=2.95909 2.61654 5.86799 4.38055
threshold=7.0896000000000008 2.5000000000000004 8.5000000000000018 52.277100000000011
decision_type=2 2 8 2
left_child=-1 2 -2 -4
right_child=1 -3 3 -5
leaf_value=-0.094339826470962229 0.11182776622741677 -0.059746367816302152 -0.0090057089033989627 0.054404901538201739
leaf_weight=3.2094924598932257 5.1061329022049895 6.1317900195717803 67.238561056554317 13.000939428806303
leaf_count=24 29 37 441 92
internal_value=3.86137e-05 0.00334989 0.00788314 0.0012685
internal_weight=94.6869 91.4774 85.3456 80.2395
internal_count=623 599 562 533
is_linear=0
shrinkage=0.1


Tree=26
num_leaves=5
num_cat=0
split_feature=1 3 2 5
split_gain=2.69061 2.41402 7.90491 4.35038
threshold=1.0000000180025095e-35 2.5000000000000004 14.250000000000002 26.268750000000004
decision_type=2 2 8 2
left_child=-1 2 -2 -4
right_child=1 -3 3 -5
leaf_value=0.022993123503919133 0.14236379428848864 -0.098740988567875998 -0.035970809919210298 0.025080074216567712
leaf_weight=33.063634745776653 3.3029240518808356 3.0778554230928412 37.489760868251324 16.948708415031433
leaf_count=213 17 21 284 88
internal_value=3.28106e-05 -0.0124493 -0.00784957 -0.0169634
internal_weight=93.8829 60.8192 57.7414 54.4385
internal_count=623 410 389 372
is_linear=0
shrinkage=0.1


Tree=27
num_leaves=5
num_cat=0
split_feature=5 1 3 2
split_gain=2.44453 1.96405 2.35015 5.94181
threshold=7.0896000000000008 1.0000000180025095e-35 1.5000000000000002 14.250000000000002
decision_type=2 2 2 8
left_child=-1 -2 3 -3
right_child=1 2 -4 -5
leaf_value=-0.089574895782900343 0.022505643949016954 0.13486348503818343 -0.07647267585706842 -0.010469797273139229
leaf_weight=2.9488430693745604 32.680955491960049 2.9828014671802512 4.6373445540666571 49.451379053294659
leaf_count=24 212 16 32 339
internal_value=1.35767e-05 0.00295703 -0.00823712 -0.00220228
internal_weight=92.7013 89.7525 57.0715 52.4342
internal_count=623 599 387 355
is_linear=0
shrinkage=0.1


Tree=28
num_leaves=5
num_cat=0
split_feature=5 0 2 2
split_gain=2.11277 1.90128 3.64509 2.97377
threshold=7.0896000000000008 1.5000000000000002 36.500000000000007 49.500000000000007
decision_type=2 2 10 8
left_child=-1 3 -3 -2
right_child=1 2 -4 -5
leaf_value=-0.085892236317935855 0.058991022294398655 0.0038590394161585047 -0.064145435274559237 -0.024377659784056729
leaf_weight=2.7767690047621718 12.594915769994261 60.854022115468979 9.0547218918800336 6.4798649922013274
leaf_count=24 93 396 68 42
internal_value=5.87516e-06 0.00268636 -0.00494904 0.03067
internal_weight=91.7603 88.9835 69.9087 19.0748
internal_count=623 599 464 135
is_linear=0
shrinkage=0.1


Tree=29
num_leaves=5
num_cat=0
split_feature=5 3 2 5
split_gain=1.82349 1.79325 3.92894 2.84658
threshold=7.0896000000000008 2.5000000000000004 8.5000000000000018 52.277100000000011
decision_type=2 2 8 2
left_child=-1 2 -2 -4
right_child=1 -3 3 -5
leaf_value=-0.082279552950655102 0.096918850997764483 -0.051688482699586369 -0.0074835069401309184 0.044010487612590986
leaf_weight=2.6171977221965781 4.5094629786908618 5.7310181781649581 65.673360086977482 12.832894280552862
leaf_count=24 29 37 441 92
internal_value=-1.31631e-05 0.00241293 0.00614783 0.000933873
internal_weight=91.3639 88.7467 83.0157 78.5063
internal_count=623 599 562 533
is_linear=0
shrinkage=0.1


Tree=30
num_leaves=5
num_cat=0
split_feature=1 0 5 5
split_gain=1.73926 2.10026 2.43755 2.43154
threshold=1.0000000180025095e-35 2.5000000000000004 7.7625000000000011 15.075000000000001
decision_type=2 2 2 2
left_child=1 -1 -3 -4
right_child=-2 2 3 -5
leaf_value=0.061674437763005699 -0.010339329573299409 0.063020054794153818 -0.05074760702442184 0.021450631531010237
leaf_weight=8.3775855302810651 58.277724049985409 5.3529213219881084 9.0473186522722262 9.6298089921474439
leaf_count=110 410 22 37 44
internal_value=-1.20484e-05 0.0185592 0.00352796 -0.0135227
internal_weight=90.6854 32.4076 24.03 18.6771
internal_count=623 213 103 81
is_linear=0
shrinkage=0.1


Tree=31
num_leaves=5
num_cat=0
split_feature=2 4 2 2
split_gain=1.58434 5.31405 3.74848 3.62775
threshold=38.500000000000007 1.5000000000000002 30.500000000000004 32.250000000000007
decision_type=8 2 10 8
left_child=2 -2 -1 -4
right_child=1 -3 3 -5
leaf_value=-0.0032247329513372018 -0.0041301763052974411 -0.13814809802347158 0.1349828107149951 0.01968738977191201
leaf_weight=42.711292788386345 31.908741936087608 3.261072799563407 4.1985052824020359 7.7975010722875604
leaf_count=288 227 20 27 61
internal_value=2.29468e-06 -0.0165568 0.0106477 0.0600399
internal_weight=89.8771 35.1698 54.7073 11.996
internal_count=623 247 376 88
is_linear=0
shrinkage=0.1


Tree=32
num_leaves=5
num_cat=0
split_feature=5 1 3 2
split_gain=1.56822 1.45746 1.85133 4.76482
threshold=7.0896000000000008 1.0000000180025095e-35 1.5000000000000002 14.250000000000002
decision_type=2 2 2 8
left_child=-1 -2 3 -3
right_child=1 2 -4 -5
leaf_value=-0.078904693674999637 0.019351388274918543 0.12613859695035354 -0.070495732415716078 -0.0094592285385519809
leaf_weight=2.451878383755683 31.588469956070185 2.7367131933569899 4.3085738793015471 48.818889819085598
leaf_count=24 212 16 32 339
internal_value=-2.78508e-05 0.00218359 -0.00752396 -0.00226132
internal_weight=89.9045 87.4526 55.8642 51.5556
internal_count=623 599 387 355
is_linear=0
shrinkage=0.1


Tree=33
num_leaves=5
num_cat=0
split_feature=5 0 2 5
split_gain=1.35073 1.30037 2.8039 2.72291
threshold=7.0896000000000008 1.5000000000000002 36.500000000000007 30.750000000000004
decision_type=2 2 10 2
left_child=-1 3 -3 -2
right_child=1 2 -4 -5
leaf_value=-0.075384053295599107 0.093206559733326963 0.0032663348720747666 -0.058000523308748636 0.0038019321712663571
leaf_weight=2.3168594539165488 4.4947440996766117 59.667343955487013 8.5388234406709653 14.070395480841396
leaf_count=24 29 396 68 106
internal_value=-2.89896e-05 0.00198305 -0.00440375 0.0254474
internal_weight=89.0882 86.7713 68.2062 18.5651
internal_count=623 599 464 135
is_linear=0
shrinkage=0.1


Tree=34
num_leaves=5
num_cat=0
split_feature=1 0 5 5
split_gain=1.27886 1.77567 2.15846 3.99018
threshold=1.0000000180025095e-35 2.5000000000000004 21.037500000000005 15.075000000000001
decision_type=2 2 2 2
left_child=1 -1 3 -3
right_child=-2 2 -4 -5
leaf_value=0.057468600190007213 -0.008966522527656064 -0.0088922625292658895 -0.057621557090799795 0.09650648476930597
leaf_weight=7.8079777993261841 57.280141327530146 14.311704397201543 4.7725846618413916 4.795409068465232
leaf_count=110 410 59 24 20
internal_value=-4.91104e-05 0.0160704 0.00253441 0.0175602
internal_weight=88.9678 31.6877 23.8797 19.1071
internal_count=623 213 103 79
is_linear=0
shrinkage=0.1


Tree=35
num_leaves=5
num_cat=0
split_feature=2 2 5 5
split_gain=1.16247 2.764 3.30177 3.14884
threshold=39.500000000000007 30.500000000000004 7.7979000000000012 52.277100000000011
decision_type=8 10 2 2
left_child=1 2 -1 -3
right_child=-2 3 -4 -5
leaf_value=0.060423597278591104 -0.014857188836840327 0.021312893911437397 -0.015997970565273356 0.13570069088954714
leaf_weight=6.7372170686721793 33.059165395796299 10.015428550541399 35.145050950348377 3.1676688976585856
leaf_count=44 236 74 244 25
internal_value=-3.4227e-05 0.00886492 -0.00370473 0.0487983
internal_weight=88.1245 55.0654 41.8823 13.1831
internal_count=623 387 288 99
is_linear=0
shrinkage=0.1


Tree=36
num_leaves=5
num_cat=0
split_feature=5 5 2 3
split_gain=1.1016 4.36364 4.4457 2.40335
threshold=10.481250000000001 8.5854500000000016 32.250000000000007 2.5000000000000004
decision_type=2 2 8 2
left_child=1 2 -1 -2
right_child=3 -3 -4 -5
leaf_value=0.038929699076401952 0.015551144872158654 -0.10360393281320135 -0.039198046149187288 -0.056876288310070112
leaf_weight=14.703033231198789 49.149977676570415 4.7004662528634062 14.43275301158428 5.0524975247681132
leaf_count=97 351 30 109 36
internal_value=-3.82415e-05 -0.014196 0.000228205 0.0087998
internal_weight=88.0387 33.8363 29.1358 54.2025
internal_count=623 236 206 387
is_linear=0
shrinkage=0.1


Tree=37
num_leaves=5
num_cat=0
split_feature=2 0 2 5
split_gain=1.19275 1.54939 2.39731 2.7544
threshold=6.5000000000000009 1.5000000000000002 49.500000000000007 33.760400000000011
decision_type=8 2 8 2
left_child=-1 2 3 -2
right_child=1 -3 -4 -5
leaf_value=0.043418939076584187 0.14512298356716538 -0.010674206984747194 -0.02736965549469151 0.024899758685687445
leaf_weight=5.8853537440299979 2.3582039326429394 63.197009723633528 6.4352365583181372 9.9309561513364297
leaf_count=38 16 448 43 78
internal_value=-6.45093e-05 -0.00318842 0.022077 0.0479698
internal_weight=87.8068 81.9214 18.7244 12.2892
internal_count=623 585 137 94
is_linear=0
shrinkage=0.1


Tree=38
num_leaves=5
num_cat=0
split_feature=1 3 2 3
split_gain=1.16566 1.6267 4.24309 1.83163
threshold=1.0000000180025095e-35 1.0000000180025095e-35 31.500000000000004 1.5000000000000002
decision_type=2 2 8 2
left_child=1 -1 3 -3
right_child=-2 2 -4 -5
leaf_value=0.035247773475154752 -0.0085762756363397096 -0.10702858760701739 0.051232810271132571 -0.0044650077678728686
leaf_weight=17.789801910519603 56.746163684874773 4.0826472118496868 5.9309770204126844 3.0360677652060986
leaf_count=119 410 32 43 19
internal_value=-7.16469e-05 0.0155773 -0.0112382 -0.0632861
internal_weight=87.5857 30.8395 13.0497 7.11871
internal_count=623 213 94 51
is_linear=0
shrinkage=0.1


Tree=39
num_leaves=5
num_cat=0
split_feature=2 4 2 5
split_gain=1.00397 1.51468 3.73044 1.94501
threshold=6.5000000000000009 1.5000000000000002 16.500000000000004 52.277100000000011
decision_type=8 2 10 2
left_child=-1 3 -3 -2
right_child=1 2 -4 -5
leaf_value=0.03988717550782369 -0.0055609575294852213 -0.13668631145258872 0.010100438739531318 0.039349696236215606
leaf_weight=5.8691966012120238 62.66249655559659 2.8131776042282572 4.5022211521863937 11.397139992564915
leaf_count=38 449 21 32 83
internal_value=-5.65341e-05 -0.00293749 -0.0463472 0.00135041
internal_weight=87.2442 81.375 7.3154 74.0596
internal_count=623 585 53 532
is_linear=0
shrinkage=0.1


Tree=40
num_leaves=5
num_cat=0
split_feature=1 5 0 2
split_gain=1.02411 1.82294 1.93531 3.12103
threshold=1.0000000180025095e-35 7.7354000000000012 2.5000000000000004 6.5000000000000009
decision_type=2 2 2 10
left_child=1 -1 -3 -4
right_child=-2 2 3 -5
leaf_value=0.094201876731773979 -0.0080648453800199488 0.052074074381974235 0.037679863882115854 -0.040878389695132411
leaf_weight=2.6334107071161297 56.317092146724463 7.1464873552322414 8.6523188054561633 12.171342715620993
leaf_count=11 410 110 39 53
internal_value=-6.32346e-05 0.0146614 0.00717265 -0.00823711
internal_weight=86.9207 30.6036 27.9701 20.8237
internal_count=623 213 202 92
is_linear=0
shrinkage=0.1


Tree=41
num_leaves=5
num_cat=0
split_feature=2 0 2 2
split_gain=1.00296 3.26721 2.45519 2.89775
threshold=39.500000000000007 2.5000000000000004 30.500000000000004 32.250000000000007
decision_type=10 2 10 8
left_child=2 -2 -1 -4
right_child=1 -3 3 -5
leaf_value=-0.0039327107324177912 0.0053517801412641978 -0.10193989178762933 0.10939732046909034 0.009979996918410599
leaf_weight=59.028479464352131 10.247120499610899 3.9254824593663207 4.4603207185864422 8.5553346127271652
leaf_count=412 79 33 27 72
internal_value=-4.79664e-05 -0.0243655 0.00473581 0.0440492
internal_weight=86.2167 14.1726 72.0441 13.0157
internal_count=623 112 511 99
is_linear=0
shrinkage=0.1


Tree=42
num_leaves=5
num_cat=0
split_feature=2 3 2 4
split_gain=0.927582 2.17965 2.12242 1.8898
threshold=17.500000000000004 2.5000000000000004 18.500000000000004 1.5000000000000002
decision_type=8 2 8 2
left_child=1 -1 -2 -4
right_child=2 -3 3 -5
leaf_value=0.051890022341476605 -0.0862190725232128 -0.042624617755490299 0.0039625621542673265 -0.057025732271773988
leaf_weight=8.7559428922831994 3.0311711058020583 3.3826207034289828 65.441994767636061 5.5083558149635783
leaf_count=60 18 23 481 41
internal_value=-6.94572e-05 0.0255519 -0.00427329 -0.000772372
internal_weight=86.1201 12.1386 73.9815 70.9504
internal_count=623 83 540 522
is_linear=0
shrinkage=0.1


Tree=43
num_leaves=5
num_cat=0
split_feature=1 3 2 5
split_gain=0.942119 1.28111 3.84971 2.2702
threshold=1.0000000180025095e-35 1.5000000000000002 14.250000000000002 26.268750000000004
decision_type=2 2 8 2
left_child=-1 2 -2 -4
right_child=1 -3 3 -5
leaf_value=0.014237674156756914 0.11782082734051338 -0.063255412899980282 -0.025029877262300489 0.020141070085368664
leaf_weight=29.977504927664995 2.4862692877650252 3.8681901469826689 32.769536331295967 16.845746725797653
leaf_count=213 16 32 277 85
internal_value=-6.82491e-05 -0.00773053 -0.00360818 -0.0096931
internal_weight=85.9472 55.9697 52.1016 49.6153
internal_count=623 410 378 362
is_linear=0
shrinkage=0.1


Tree=44
num_leaves=5
num_cat=0
split_feature=2 2 2 2
split_gain=0.848979 1.57308 1.36708 2.79201
threshold=44.500000000000007 47.500000000000007 30.500000000000004 32.250000000000007
decision_type=10 8 10 10
left_child=2 -2 -1 -4
right_child=1 -3 3 -5
leaf_value=-0.0035917020241642522 -0.089110285551698198 -0.0024731419436833353 0.095023900003628592 0.0035618844105875904
leaf_weight=58.15378562733531 2.9193685129284832 7.4287019297480592 4.616151466965678 12.050380285829304
leaf_count=412 20 59 27 105
internal_value=-6.83621e-05 -0.026915 0.00364467 0.0288942
internal_weight=85.1684 10.3481 74.8203 16.6665
internal_count=623 79 544 132
is_linear=0
shrinkage=0.1


Tree=45
num_leaves=5
num_cat=0
split_feature=1 3 2 3
split_gain=0.799046 1.20489 3.73296 1.66734
threshold=1.0000000180025095e-35 1.0000000180025095e-35 31.500000000000004 1.5000000000000002
decision_type=2 2 8 2
left_child=1 -1 3 -3
right_child=-2 2 -4 -5
leaf_value=0.030328483077292929 -0.0071977373656264337 -0.10084978967947711 0.04979818032735308 -0.001931252366239848
leaf_weight=17.214048415422443 55.27745246142149 4.0512962639331791 5.6978206336498269 2.9409945048391819
leaf_count=119 410 32 43 19
internal_value=-7.40499e-05 0.013094 -0.0102845 -0.0592441
internal_weight=85.1816 29.9042 12.6901 6.99229
internal_count=623 213 94 51
is_linear=0
shrinkage=0.1


Tree=46
num_leaves=5
num_cat=0
split_feature=2 0 5 2
split_gain=0.740504 2.81309 1.94287 1.7068
threshold=39.500000000000007 2.5000000000000004 26.775000000000002 31.500000000000004
decision_type=10 2 2 10
left_child=3 2 -2 -1
right_child=1 -3 -4 -5
leaf_value=-0.0025453088010916006 0.05606648572520985 -0.097362729866128248 -0.032412975577151462 0.040452262242404613
leaf_weight=60.282322078943253 4.354449234902857 3.5922436304390422 5.7706539928913116 10.90152160823345
leaf_count=425 37 33 42 86
internal_value=-6.00929e-05 -0.0213347 0.00563892 0.0040396
internal_weight=84.9012 13.7173 10.1251 71.1838
internal_count=623 112 79 511
is_linear=0
shrinkage=0.1


Tree=47
num_leaves=5
num_cat=0
split_feature=2 2 4 2
split_gain=0.720441 1.80151 1.65601 2.57199
threshold=17.500000000000004 18.500000000000004 1.5000000000000002 39.500000000000007
decision_type=8 8 2 8
left_child=-1 -2 -3 -4
right_child=1 2 3 -5
leaf_value=0.022858944420930109 -0.08040039659387048 0.0038890583974346814 0.0091658107183161929 -0.12922963258471276
leaf_weight=11.794146005064247 2.9447118416428557 64.690049216151237 2.9576389901339999 2.4595328494906425
leaf_count=83 18 481 23 18
internal_value=-7.43259e-05 -0.00377687 -0.000558459 -0.0536692
internal_weight=84.8461 73.0519 70.1072 5.41717
internal_count=623 540 522 41
is_linear=0
shrinkage=0.1


Tree=48
num_leaves=5
num_cat=0
split_feature=1 3 2 2
split_gain=0.735302 1.09537 2.08369 1.6863
threshold=1.0000000180025095e-35 1.5000000000000002 17.500000000000004 23.500000000000004
decision_type=2 2 8 10
left_child=-1 2 -2 -4
right_child=1 -3 3 -5
leaf_value=0.012611632823079073 0.066614468307871405 -0.059397101114436891 -0.033813139704569832 0.0053533191667165742
leaf_weight=29.672131668776274 3.9544176906347266 3.7090605981647959 17.31018428504467 30.120734833180904
leaf_count=213 28 32 140 210
internal_value=-7.94861e-05 -0.00691453 -0.00312627 -0.0089407
internal_weight=84.7665 55.0944 51.3853 47.4309
internal_count=623 410 378 350
is_linear=0
shrinkage=0.1


Tree=49
num_leaves=5
num_cat=0
split_feature=2 0 2 2
split_gain=0.679534 2.39925 2.01247 3.15528
threshold=36.500000000000007 2.5000000000000004 31.500000000000004 32.250000000000007
decision_type=10 2 10 8
left_child=2 -2 -1 -4
right_child=1 -3 3 -5
leaf_value=-0.0021453802216145745 0.0054551724471830999 -0.080254866857066523 0.14480141840335134 0.010406035480530311
leaf_weight=59.663726184517145 11.700130753219129 4.5306622274219981 2.4811152182519409 5.9033394008874902
leaf_count=425 91 42 14 51
internal_value=-8.4048e-05 -0.0184699 0.00430133 0.0501761
internal_weight=84.279 16.2308 68.0482 8.38445
internal_count=623 133 490 65
is_linear=0
shrinkage=0.1


Tree=50
num_leaves=5
num_cat=0
split_feature=1 0 5 5
split_gain=0.653502 1.02189 1.75373 1.48651
threshold=1.0000000180025095e-35 2.5000000000000004 112.07915000000001 7.7625000000000011
decision_type=2 2 2 2
left_child=1 2 -1 -3
right_child=-2 3 -4 -5
leaf_value=0.07058800595408031 -0.0065783546959848633 0.049267121373945455 -0.064702494476279224 -0.011741341120121008
leaf_weight=5.412342049181464 54.640038378536701 5.1473342627286938 1.1642441116273401 17.821644514799118
leaf_count=89 410 22 21 81
internal_value=-9.95453e-05 0.011882 0.0466377 0.00193062
internal_weight=84.1856 29.5456 6.57659 22.969
internal_count=623 213 110 103
is_linear=0
shrinkage=0.1


Tree=51
num_leaves=5
num_cat=0
split_feature=2 2 5 2
split_gain=0.642069 1.26634 0.962007 0.817564
threshold=44.500000000000007 47.500000000000007 29.850000000000005 30.500000000000004
decision_type=10 8 2 10
left_child=3 -2 -3 -1
right_child=1 2 -4 -5
leaf_value=-0.0025503495591904846 -0.08175938701075007 -0.037777957453319889 0.035059287555380667 0.02261196551855834
leaf_weight=56.955321673303843 2.7411169148981545 3.6892144083976754 3.5660971365869045 16.698713347315788
leaf_count=412 20 34 25 132
internal_value=-7.32028e-05 -0.0238543 -0.00197733 0.00315441
internal_weight=83.6505 9.99643 7.25531 73.654
internal_count=623 79 59 544
is_linear=0
shrinkage=0.1


Tree=52
num_leaves=5
num_cat=0
split_feature=2 4 2 5
split_gain=0.637604 0.834491 3.27034 1.28347
threshold=6.5000000000000009 1.5000000000000002 36.500000000000007 52.277100000000011
decision_type=8 2 8 2
left_child=-1 3 -3 -2
right_child=1 2 -4 -5
leaf_value=0.033148631827320446 -0.004945564090350206 0.019004150820719184 -0.124441550140615 0.03205326432941185
leaf_weight=5.4036236442625514 60.396200858056545 4.1403144299983969 2.5795592218637466 11.098779164254664
leaf_count=38 449 33 20 83
internal_value=-7.34244e-05 -0.00236863 -0.0360604 0.000798081
internal_weight=83.6185 78.2149 6.71987 71.495
internal_count=623 585 53 532
is_linear=0
shrinkage=0.1


Tree=53
num_leaves=5
num_cat=0
split_feature=1 3 2 4
split_gain=0.5934 0.978292 1.70615 1.41846
threshold=1.0000000180025095e-35 1.5000000000000002 17.500000000000004 1.0000000180025095e-35
decision_type=2 2 8 2
left_child=-1 2 -2 -4
right_child=1 -3 3 -5
leaf_value=0.011458244163338462 0.060706755977915597 -0.056834000998573476 -0.0020892343476887993 -0.059327259075753841
leaf_weight=29.054090917110443 3.9176074862480155 3.5716208703815928 41.979844246059656 4.8274787515401831
leaf_count=213 28 32 320 30
internal_value=-7.63307e-05 -0.00624848 -0.00268668 -0.00799248
internal_weight=83.3506 54.2966 50.7249 46.8073
internal_count=623 410 378 350
is_linear=0
shrinkage=0.1


Tree=54
num_leaves=5
num_cat=0
split_feature=5 5 2 5
split_gain=0.53913 3.72622 3.08469 2.10234
threshold=10.481250000000001 8.5854500000000016 32.250000000000007 13.931250000000002
decision_type=2 2 8 2
left_child=1 2 -1 -2
right_child=3 -3 -4 -5
leaf_value=0.034971507800879188 0.054108226769609281 -0.096861198323580866 -0.032066652774404868 -0.0023109106896198757
leaf_weight=14.49500952661038 7.7909172363579264 4.300705660134553 13.037555254995821 43.376243900507689
leaf_count=97 68 30 109 319
internal_value=-7.72988e-05 -0.0102952 0.00322678 0.00627969
internal_weight=83.0004 31.8333 27.5326 51.1672
internal_count=623 236 206 387
is_linear=0
shrinkage=0.1


Tree=55
num_leaves=5
num_cat=0
split_feature=5 2 5 5
split_gain=0.513563 1.23462 0.985182 3.82001
threshold=112.07915000000001 6.5000000000000009 52.277100000000011 58.689600000000006
decision_type=2 8 2 2
left_child=1 -1 -3 -4
right_child=-2 2 3 -5
leaf_value=0.048399010263874616 -0.043179043442566761 -0.0064594239546416831 0.11936398066746784 -0.013713934597034847
leaf_weight=5.213752642273902 2.6771243400871745 64.86610784009099 3.1091875247657281 7.0433916598558426
leaf_count=37 28 483 20 55
internal_value=-9.31196e-05 0.00134453 -0.00192572 0.0270407
internal_weight=82.9096 80.2324 75.0187 10.1526
internal_count=623 595 558 75
is_linear=0
shrinkage=0.1


Tree=56
num_leaves=5
num_cat=0
split_feature=5 5 2 2
split_gain=0.967456 0.885088 0.691332 3.17565
threshold=7.0896000000000008 7.2396000000000003 25.500000000000004 27.500000000000004
decision_type=2 2 8 8
left_child=-1 -2 -3 -4
right_child=1 2 3 -5
leaf_value=-0.069029687014973126 0.057183297294927785 -0.013215396781896555 0.092652609209544629 -0.00072987235846005223
leaf_weight=1.9864513538777817 2.7677113115787497 27.232389554381371 3.9488588050007811 46.814425079151988
leaf_count=24 22 199 25 353
internal_value=-8.50826e-05 0.00161067 -0.000361345 0.00653432
internal_weight=82.7498 80.7634 77.9957 50.7633
internal_count=623 599 577 378
is_linear=0
shrinkage=0.1


Tree=57
num_leaves=5
num_cat=0
split_feature=5 5 5 5
split_gain=0.82769 0.7353 2.94336 5.82381
threshold=7.0896000000000008 7.8916500000000012 7.910400000000001 7.977100000000001
decision_type=2 2 2 2
left_child=-1 -2 -3 -4
right_child=1 2 3 -5
leaf_value=-0.065537399076550262 0.021683148396572711 -0.092395909454644543 0.15718126124547313 -0.0040590006098543182
leaf_weight=1.8882759511470784 14.682406321167944 3.492858298122882 2.3263864964246741 60.368676133453846
leaf_count=24 99 29 15 456
internal_value=-9.05024e-05 0.00143765 -0.0030534 0.00192404
internal_weight=82.7586 80.8703 66.1879 62.6951
internal_count=623 599 500 471
is_linear=0
shrinkage=0.1


Tree=58
num_leaves=5
num_cat=0
split_feature=3 5 2 1
split_gain=0.501019 1.78331 1.8777 1.76632
threshold=1.0000000180025095e-35 26.125000000000004 45.250000000000007 1.0000000180025095e-35
decision_type=2 2 8 2
left_child=1 3 -3 -1
right_child=-2 2 -4 -5
leaf_value=0.023513622144131024 -0.010916798156029785 0.073915054825455684 -0.0043512288489659821 -0.019435574192817946
leaf_weight=14.766063276678322 28.256620071828365 6.837863847613332 5.556006334722043 27.239712584763765
leaf_count=83 205 55 37 243
internal_value=-0.000114232 0.00549691 0.0388293 -0.00433788
internal_weight=82.6563 54.3996 12.3939 42.0058
internal_count=623 418 92 326
is_linear=0
shrinkage=0.1


Tree=59
num_leaves=5
num_cat=0
split_feature=5 5 5 5
split_gain=0.482933 2.72559 2.53304 3.60115
threshold=32.193750000000009 29.412500000000005 52.277100000000011 58.689600000000006
decision_type=2 2 2 2
left_child=1 -1 -2 -4
right_child=2 -3 3 -5
leaf_value=-0.00072822672232267726 -0.06903507489627124 0.093826602423983468 0.10348295284262202 -0.019497151249207399
leaf_weight=60.2389723546803 5.8137282803654697 3.2110475599765769 3.1471834704279891 9.781330678611992
leaf_count=455 44 20 20 84
internal_value=-0.000109078 0.00405696 -0.0142128 0.0104399
internal_weight=82.1923 63.45 18.7422 12.9285
internal_count=623 475 148 104
is_linear=0
shrinkage=0.1


Tree=60
num_leaves=5
num_cat=0
split_feature=3 2 2 5
split_gain=0.450629 1.82971 0.858098 1.54718
threshold=2.5000000000000004 8.5000000000000018 23.500000000000004 7.7354000000000012
decision_type=2 8 8 2
left_child=1 -1 3 -3
right_child=-2 2 -4 -5
leaf_value=0.072598643361823575 -0.030332046172168947 0.041682065997619644 0.0041590355378955971 -0.036373327077154592
leaf_weight=3.4769320338964453 4.6551461294293395 3.1295007616281536 57.443063409999013 13.46776235476136
leaf_count=29 37 20 439 98
internal_value=-0.000113117 0.00170162 -0.0016277 -0.0216556
internal_weight=82.1724 77.5173 74.0403 16.5973
internal_count=623 586 557 118
is_linear=0
shrinkage=0.1


Tree=61
num_leaves=5
num_cat=0
split_feature=2 2 0 5
split_gain=0.422856 1.86871 0.507576 2.90157
threshold=49.500000000000007 55.750000000000007 1.5000000000000002 30.750000000000004
decision_type=10 10 2 2
left_child=2 -2 3 -1
right_child=1 -3 -4 -5
leaf_value=0.096854607582588251 -0.084798223110356133 0.029210821112039476 -0.0020800746787715684 -0.0069387887110960089
leaf_weight=3.5783351920545092 2.7989825382828704 2.9560440145432949 61.680903475731611 10.890324264764784
leaf_count=23 25 23 462 90
internal_value=-0.000101198 -0.026238 0.0018741 0.018731
internal_weight=81.9046 5.75503 76.1496 14.4687
internal_count=623 48 575 113
is_linear=0
shrinkage=0.1


Tree=62
num_leaves=5
num_cat=0
split_feature=5 5 2 4
split_gain=0.743955 0.628701 0.616631 3.42106
threshold=7.0896000000000008 7.2396000000000003 30.500000000000004 1.5000000000000002
decision_type=2 2 8 2
left_child=-1 -2 -3 -4
right_child=1 2 3 -5
leaf_value=-0.063449868937256529 0.047506409440147168 -0.0096789049244923667 0.016112753888520345 -0.099139383998280983
leaf_weight=1.8130067735910405 2.8437374681234351 37.055211696773767 37.499525111168623 2.765440732240676
leaf_count=24 22 272 279 26
internal_value=-0.000104135 0.00132851 -0.000369856 0.00819711
internal_weight=81.9769 80.1639 77.3202 40.265
internal_count=623 599 577 305
is_linear=0
shrinkage=0.1


Tree=63
num_leaves=5
num_cat=0
split_feature=1 2 2 2
split_gain=0.494037 0.947709 2.77877 2.29068
threshold=1.0000000180025095e-35 27.500000000000004 24.250000000000004 30.500000000000004
decision_type=2 8 8 8
left_child=-1 2 -2 -3
right_child=1 3 -4 -5
leaf_value=0.010483649729316653 -0.010257236184850915 -0.082147725641858682 0.078633221278552767 -0.0056390438655727765
leaf_weight=28.653564188629389 13.714833572506906 4.4916924014687529 4.7294817492365828 30.39003998413682
leaf_count=213 112 32 33 233
internal_value=-0.000106625 -0.00579707 0.012536 -0.015491
internal_weight=81.9796 53.326 18.4443 34.8817
internal_count=623 410 145 265
is_linear=0
shrinkage=0.1


Tree=64
num_leaves=5
num_cat=0
split_feature=5 5 2 5
split_gain=0.418826 3.10417 2.5238 1.87774
threshold=10.481250000000001 8.3312500000000025 32.250000000000007 13.931250000000002
decision_type=2 2 8 2
left_child=1 2 -1 -2
right_child=3 -3 -4 -5
leaf_value=0.032433019935106486 0.051088324307435977 -0.087374852658291202 -0.029236569163915174 -0.0026363867139696834
leaf_weight=14.164658885449176 7.6632822379469863 4.371508188545703 12.485509686172007 43.063205555081367
leaf_count=95 68 33 108 319
internal_value=-0.00011765 -0.00927064 0.00354104 0.00547984
internal_weight=81.7482 31.0217 26.6502 50.7265
internal_count=623 236 203 387
is_linear=0
shrinkage=0.1


Tree=65
num_leaves=5
num_cat=0
split_feature=1 2 4 5
split_gain=0.425566 0.913648 0.978868 1.25499
threshold=1.0000000180025095e-35 9.5000000000000018 1.0000000180025095e-35 26.268750000000004
decision_type=2 8 2 2
left_child=-1 -2 3 -3
right_child=1 2 -4 -5
leaf_value=0.0097348938997456023 0.045410645197346278 -0.015223820087142584 -0.048396956370032107 0.021031198200753189
leaf_weight=28.496965005993843 3.3168628700077525 30.391222327947617 5.5460811145603648 13.921393819153307
leaf_count=213 27 272 42 69
internal_value=-0.000125679 -0.00540999 -0.00879085 -0.00383383
internal_weight=81.6725 53.1756 49.8587 44.3126
internal_count=623 410 383 341
is_linear=0
shrinkage=0.1


Tree=66
num_leaves=5
num_cat=0
split_feature=2 2 5 2
split_gain=0.405422 1.22331 0.923878 0.802402
threshold=44.500000000000007 47.500000000000007 29.850000000000005 30.500000000000004
decision_type=10 8 2 10
left_child=3 -2 -3 -1
right_child=1 2 -4 -5
leaf_value=-0.0032598730909623348 -0.077839126837702943 -0.033544470658817209 0.038622151611557576 0.022017244762566952
leaf_weight=55.305293045938015 2.6098968051373932 3.578535359352828 3.5177936479449272 16.247990826144814
leaf_count=412 20 34 25 132
internal_value=-0.000121581 -0.0192997 0.00222998 0.00247994
internal_weight=81.2595 9.70623 7.09633 71.5533
internal_count=623 79 59 544
is_linear=0
shrinkage=0.1


Tree=67
num_leaves=5
num_cat=0
split_feature=5 5 5 2
split_gain=0.617797 0.577282 2.40278 1.7753
threshold=7.0896000000000008 7.977100000000001 10.481250000000001 32.250000000000007
decision_type=2 2 2 8
left_child=-1 -2 3 -3
right_child=1 2 -4 -5
leaf_value=-0.059744122474509255 0.015748730671905003 -0.015525812713238933 0.0045390629606040138 -0.10768228231013373
leaf_weight=1.7012019753456105 20.224028065800667 5.2371741235256168 50.586578641086817 3.4789269194006929
leaf_count=24 143 39 387 30
internal_value=-0.000116322 0.00115921 -0.00381626 -0.052309
internal_weight=81.2279 79.5267 59.3027 8.7161
internal_count=623 599 456 69
is_linear=0
shrinkage=0.1


Tree=68
num_leaves=5
num_cat=0
split_feature=5 5 5 5
split_gain=0.459324 1.57721 4.26667 1.7573
threshold=26.775000000000002 15.372900000000001 13.931250000000002 10.481250000000001
decision_type=2 2 2 2
left_child=1 2 3 -1
right_child=-2 -3 -4 -5
leaf_value=-0.0071157262563382425 -0.011788080581681723 0.031446418547399609 -0.11720183252602641 0.046378008968352168
leaf_weight=30.443224683403969 23.833263153210282 15.94584674015641 3.1622742302715769 7.6927895918488494
leaf_count=236 185 114 20 68
internal_value=-0.000123122 0.00473352 -0.00558071 0.00367502
internal_weight=81.0774 57.2441 41.2983 38.136
internal_count=623 438 324 304
is_linear=0
shrinkage=0.1


Tree=69
num_leaves=5
num_cat=0
split_feature=3 2 5 2
split_gain=0.399591 1.54533 3.90043 2.5419
threshold=1.0000000180025095e-35 25.500000000000004 23.725000000000005 2.5000000000000004
decision_type=2 10 2 10
left_child=-1 2 -2 -4
right_child=1 -3 3 -5
leaf_value=0.0049455248582363741 0.060013806408373664 -0.035989866916086383 -0.12629363475846947 -0.00046206884806328675
leaf_weight=53.248968448489904 7.9446116983890551 12.463121103122829 2.3707388639450073 4.97279242426157
leaf_count=418 51 89 21 44
internal_value=-0.00012497 -0.00985421 0.011452 -0.0410847
internal_weight=81.0002 27.7513 15.2881 7.34353
internal_count=623 205 116 65
is_linear=0
shrinkage=0.1


Tree=70
num_leaves=5
num_cat=0
split_feature=5 2 5 5
split_gain=0.373808 0.974184 0.841269 2.78324
threshold=112.07915000000001 6.5000000000000009 52.277100000000011 30.750000000000004
decision_type=2 8 2 2
left_child=1 -1 3 -3
right_child=-2 2 -4 -5
leaf_value=0.044329593221341577 -0.036657393320858718 0.00029360674892115845 0.02524129325696417 -0.075837552920413567
leaf_weight=4.8953609839081755 2.7073544301092616 58.143486753106117 9.9805614519864303 5.2343500964343539
leaf_count=37 28 442 75 41
internal_value=-0.00012601 0.00113787 -0.0017444 -0.00599404
internal_weight=80.9611 78.2538 73.3584 63.3778
internal_count=623 595 558 483
is_linear=0
shrinkage=0.1


Tree=71
num_leaves=5
num_cat=0
split_feature=2 2 2 5
split_gain=0.355932 1.57447 0.598358 4.36236
threshold=49.500000000000007 55.750000000000007 30.500000000000004 7.7979000000000012
decision_type=10 10 10 2
left_child=2 -2 -1 -4
right_child=1 -3 3 -5
leaf_value=-0.0036854417233101403 -0.079358840279914314 0.025990264591349451 -0.12370514948760652 0.031981710784465267
leaf_weight=55.036599066108465 2.7115819826722136 2.9752244800329208 1.9987554065883184 18.078475940972567
leaf_count=412 25 23 20 143
internal_value=-0.000120928 -0.0242423 0.00170528 0.0164826
internal_weight=80.8006 5.68681 75.1138 20.0772
internal_count=623 48 575 163
is_linear=0
shrinkage=0.1


Tree=72
num_leaves=5
num_cat=0
split_feature=3 2 2 2
split_gain=0.392831 1.35358 1.19628 4.06306
threshold=1.0000000180025095e-35 1.5000000000000002 25.500000000000004 27.500000000000004
decision_type=2 10 10 10
left_child=2 -2 -1 -4
right_child=1 -3 3 -5
leaf_value=-0.0086354424011467843 0.036491036167974077 -0.020382782146869751 0.12668188338373512 0.0053207803428507727
leaf_weight=29.276433981955051 5.1414430849254158 22.486568249762058 3.1843153722584274 20.636035069823265
leaf_count=221 38 167 18 179
internal_value=-0.000128118 -0.00979883 0.00490387 0.0215444
internal_weight=80.7248 27.628 53.0968 23.8204
internal_count=623 205 418 197
is_linear=0
shrinkage=0.1


Tree=73
num_leaves=5
num_cat=0
split_feature=1 0 5 5
split_gain=0.352892 0.86698 1.83335 1.12709
threshold=1.0000000180025095e-35 2.5000000000000004 126.82500000000002 7.7625000000000011
decision_type=2 2 2 2
left_child=1 2 -1 -3
right_child=-2 3 -4 -5
leaf_value=0.067544514779892165 -0.0049712103172275396 0.041662338293551898 -0.075710442530124794 -0.012496393740746709
leaf_weight=5.0434512346982983 52.534394912421703 4.9544327706098583 1.0856649354100225 17.122371636331081
leaf_count=92 410 22 18 81
internal_value=-0.000126986 0.00889553 0.0421694 -0.000342198
internal_weight=80.7403 28.2059 6.12912 22.0768
internal_count=623 213 110 103
is_linear=0
shrinkage=0.1


Tree=74
num_leaves=5
num_cat=0
split_feature=5 2 5 5
split_gain=0.440206 0.839049 0.758611 2.34528
threshold=126.82500000000002 6.5000000000000009 52.277100000000011 30.750000000000004
decision_type=2 8 2 2
left_child=1 -1 3 -3
right_child=-2 2 -4 -5
leaf_value=0.041555429306324956 -0.040664416550533176 0.00018079574358546919 0.024006346373293463 -0.07106769593213183
leaf_weight=4.843641309067606 2.5888272374868384 57.746731029823422 10.102524518966673 5.0217705368995658
leaf_count=37 25 442 78 41
internal_value=-9.8553e-05 0.00125278 -0.00142609 -0.00551941
internal_weight=80.3035 77.7147 72.871 62.7685
internal_count=623 598 561 483
is_linear=0
shrinkage=0.1


Tree=75
num_leaves=5
num_cat=0
split_feature=2 2 5 5
split_gain=0.390434 1.02058 0.709721 0.929944
threshold=2.5000000000000004 9.5000000000000018 87.80210000000001 58.689600000000006
decision_type=8 8 2 2
left_child=-1 -2 3 -3
right_child=1 2 -4 -5
leaf_value=-0.036196145255727362 0.056118159549862649 -0.00044190317269292051 0.037094800776628752 -0.045257102549878178
leaf_weight=2.8878272958099833 3.2480498552322379 64.474622106179595 4.5529727749526492 4.988517662510275
leaf_count=21 28 492 38 44
internal_value=-9.50621e-05 0.00125425 -0.00115334 -0.00366032
internal_weight=80.152 77.2642 74.0161 69.4631
internal_count=623 602 574 536
is_linear=0
shrinkage=0.1


Tree=76
num_leaves=5
num_cat=0
split_feature=5 2 0 2
split_gain=0.428365 0.672634 0.759515 2.61624
threshold=126.82500000000002 6.5000000000000009 1.5000000000000002 27.500000000000004
decision_type=2 8 2 8
left_child=1 -1 3 -3
right_child=-2 2 -4 -5
leaf_value=0.037428677850765382 -0.040054782353571711 0.10619328091417035 -0.006438630648733297 -0.00083437992530291686
leaf_weight=4.8199243992567053 2.5946151018142691 2.7903952430933687 57.337801272049546 12.583771951496601
leaf_count=37 25 22 448 91
internal_value=-8.58479e-05 0.00125172 -0.00114638 0.018591
internal_weight=80.1265 77.5319 72.712 15.3742
internal_count=623 598 561 113
is_linear=0
shrinkage=0.1


Tree=77
num_leaves=5
num_cat=0
split_feature=2 4 5 5
split_gain=0.446731 2.61043 2.66387 2.07038
threshold=30.500000000000004 1.5000000000000002 7.691650000000001 7.7979000000000012
decision_type=8 2 2 2
left_child=3 2 -2 -1
right_child=1 -3 -4 -5
leaf_value=0.043234266083402098 -0.074720825200011429 -0.0912599306694864 0.021210977491578086 -0.018425854086442775
leaf_weight=6.5715728215873233 3.1482917238026848 2.5338040813803664 35.921196969226003 31.780437553301454
leaf_count=44 38 26 271 244
internal_value=-7.52748e-05 0.0071015 0.0134806 -0.00786046
internal_weight=79.9553 41.6033 39.0695 38.352
internal_count=623 335 309 288
is_linear=0
shrinkage=0.1


Tree=78
num_leaves=5
num_cat=0
split_feature=2 4 5 2
split_gain=0.360957 2.17014 2.23003 1.84122
threshold=30.500000000000004 1.5000000000000002 7.691650000000001 27.500000000000004
decision_type=8 2 2 10
left_child=3 2 -2 -1
right_child=1 -3 -4 -5
leaf_value=0.0025636451376788694 -0.070779399030529169 -0.084757171886909927 0.018954045531237598 -0.056876476671710557
leaf_weight=32.082096042111516 2.9991756100207558 2.4594244547188273 36.164984967559576 6.2219745814800254
leaf_count=238 38 26 271 50
internal_value=-8.63008e-05 0.00636031 0.0120823 -0.00709159
internal_weight=79.9277 41.6236 39.1642 38.3041
internal_count=623 335 309 288
is_linear=0
shrinkage=0.1


Tree=79
num_leaves=5
num_cat=0
split_feature=2 2 2 5
split_gain=0.354606 1.19968 0.619522 1.56175
threshold=2.5000000000000004 8.5000000000000018 23.500000000000004 9.4125000000000014
decision_type=8 8 8 2
left_child=-1 -2 3 -3
right_child=1 2 -4 -5
leaf_value=-0.034419875367033691 0.068340714166685801 0.012445457919040054 0.0038277259949249772 -0.048348586296085086
leaf_weight=2.9003505893051615 2.5722496435046187 8.4510252177715319 57.450818860903382 8.4513678811490518
leaf_count=21 23 60 451 68
internal_value=-9.48208e-05 0.00119935 -0.00112341 -0.0179522
internal_weight=79.8258 76.9255 74.3532 16.9024
internal_count=623 602 579 128
is_linear=0
shrinkage=0.1


Tree=80
num_leaves=5
num_cat=0
split_feature=1 2 3 5
split_gain=0.365028 0.855973 2.29762 1.45751
threshold=1.0000000180025095e-35 28.250000000000004 1.0000000180025095e-35 15.075000000000001
decision_type=2 8 2 2
left_child=1 2 -1 -3
right_child=-2 3 -4 -5
leaf_value=0.024873306335648562 -0.0050189908915615374 -0.010157781596145048 -0.056773650049675418 0.056450383320242076
leaf_weight=8.622717749327423 52.128358751535416 5.8256453275680524 5.741716641932725 7.5333192776888609
leaf_count=55 410 34 44 80
internal_value=-8.83054e-05 0.00918287 -0.00776242 0.0274036
internal_weight=79.8518 27.7234 14.3644 13.359
internal_count=623 213 99 114
is_linear=0
shrinkage=0.1


Tree=81
num_leaves=5
num_cat=0
split_feature=2 2 5 2
split_gain=0.343042 1.02285 0.93958 0.595621
threshold=44.500000000000007 47.500000000000007 29.850000000000005 31.500000000000004
decision_type=10 8 2 10
left_child=3 -2 -3 -1
right_child=1 2 -4 -5
leaf_value=-0.0022104556794471223 -0.073246957749103503 -0.03459755013627859 0.038650887934379652 0.021012474758669155
leaf_weight=56.37597943469882 2.4712137095630142 3.5456546824425468 3.4602111466228962 13.734958177432416
leaf_count=425 20 34 25 119
internal_value=-7.47696e-05 -0.0179316 0.00158 0.00233899
internal_weight=79.588 9.47708 7.00587 70.1109
internal_count=623 79 59 544
is_linear=0
shrinkage=0.1


Tree=82
num_leaves=5
num_cat=0
split_feature=5 2 5 5
split_gain=0.351675 0.635053 0.549655 2.09629
threshold=126.82500000000002 6.5000000000000009 52.277100000000011 38.002100000000006
decision_type=2 8 2 2
left_child=1 -1 3 -3
right_child=-2 2 -4 -5
leaf_value=0.036346222659339754 -0.036255954140163291 -0.00080568713183278907 0.020564308406278341 -0.091370614029459021
leaf_weight=4.8058342523872843 2.5985118225216857 59.485033353790641 9.9992459509521705 2.6705754399299613
leaf_count=37 25 458 78 25
internal_value=-7.35109e-05 0.00114816 -0.00119619 -0.0046969
internal_weight=79.5592 76.9607 72.1549 62.1556
internal_count=623 598 561 483
is_linear=0
shrinkage=0.1


Tree=83
num_leaves=5
num_cat=0
split_feature=3 2 5 2
split_gain=0.344771 1.41649 3.03572 2.33923
threshold=1.0000000180025095e-35 25.500000000000004 23.725000000000005 2.5000000000000004
decision_type=2 10 2 10
left_child=-1 2 -2 -4
right_child=1 -3 3 -5
leaf_value=0.0046797732443180267 0.054349378612706084 -0.034638242316323523 -0.119429426673407 0.003124089291420858
leaf_weight=52.257490634918213 7.8417820688337105 12.128369074314831 2.2753868922591209 4.9363747574388981
leaf_count=418 51 89 21 44
internal_value=-7.15347e-05 -0.00920597 0.0112844 -0.0355428
internal_weight=79.4394 27.1819 15.0535 7.21176
internal_count=623 205 116 65
is_linear=0
shrinkage=0.1


Tree=84
num_leaves=5
num_cat=0
split_feature=2 2 0 2
split_gain=0.315472 1.3876 0.466138 2.3263
threshold=49.500000000000007 55.750000000000007 1.5000000000000002 22.500000000000004
decision_type=10 10 2 10
left_child=2 -2 3 -1
right_child=1 -3 -4 -5
leaf_value=-0.044364494695662435 -0.075824090217215409 0.024027235533515184 -0.0022366535254129808 0.044009581624538767
leaf_weight=4.2296938132494679 2.6302200350910416 2.9556753747165203 59.528295712545514 10.070264821872113
leaf_count=35 25 23 462 78
internal_value=-7.58252e-05 -0.0229896 0.00165784 0.01787
internal_weight=79.4141 5.5859 73.8283 14.3
internal_count=623 48 575 113
is_linear=0
shrinkage=0.1


Tree=85
num_leaves=5
num_cat=0
split_feature=1 0 5 2
split_gain=0.310859 0.828797 1.35323 0.961858
threshold=1.0000000180025095e-35 2.5000000000000004 126.82500000000002 1.5000000000000002
decision_type=2 2 2 10
left_child=1 2 -1 -3
right_child=-2 3 -4 -5
leaf_value=0.065456726588651565 -0.00463952125453705 0.029678906464484123 -0.052192921974093191 -0.015364490362496494
leaf_weight=4.7744661718606975 51.782163143157959 7.0416395440697697 1.2294081412255762 14.508751325309275
leaf_count=92 410 34 18 69
internal_value=-7.33753e-05 0.00850769 0.0413657 -0.000646457
internal_weight=79.3364 27.5543 6.00387 21.5504
internal_count=623 213 110 103
is_linear=0
shrinkage=0.1


Tree=86
num_leaves=5
num_cat=0
split_feature=3 2 5 2
split_gain=0.315763 1.22046 2.44313 1.96935
threshold=1.0000000180025095e-35 25.500000000000004 23.725000000000005 2.5000000000000004
decision_type=2 10 2 10
left_child=-1 2 -2 -4
right_child=1 -3 3 -5
leaf_value=0.0044948620984966627 0.048557522973780159 -0.032658733941801438 -0.11109357400125607 0.0029187970593833753
leaf_weight=52.032586211338639 7.8676004894077796 11.959873793646691 2.1947785131633282 4.891658054664731
leaf_count=418 51 89 21 44
internal_value=-5.36044e-05 -0.00884714 0.0101968 -0.0323926
internal_weight=78.9465 26.9139 14.954 7.08644
internal_count=623 205 116 65
is_linear=0
shrinkage=0.1


Tree=87
num_leaves=5
num_cat=0
split_feature=5 5 5 5
split_gain=0.277111 3.36526 1.35778 1.34076
threshold=15.372900000000001 13.931250000000002 17.900000000000002 10.481250000000001
decision_type=2 2 2 2
left_child=1 3 -2 -1
right_child=2 -3 -4 -5
leaf_value=-0.0072525376006203936 0.057822697796677619 -0.10923692361992965 -0.00079348621456650664 0.039980431999384787
leaf_weight=29.996956737712026 4.4711726605892173 2.9203726984560481 34.020678417757154 7.5154968947172156
leaf_count=236 29 20 270 68
internal_value=-5.76936e-05 -0.00583916 0.00601531 0.00221043
internal_weight=78.9247 40.4328 38.4919 37.5125
internal_count=623 324 299 304
is_linear=0
shrinkage=0.1


Tree=88
num_leaves=5
num_cat=0
split_feature=3 5 2 2
split_gain=0.273828 1.08199 1.36507 1.078
threshold=1.0000000180025095e-35 26.125000000000004 48.500000000000007 31.500000000000004
decision_type=2 2 8 10
left_child=1 -1 3 -3
right_child=-2 2 -4 -5
leaf_value=-0.0037850749455615959 -0.0082821860616029645 0.017674687549936983 -0.010514214067389158 0.094902101337360212
leaf_weight=39.912612905725837 26.769839361310005 3.4720281306654188 4.8880599848926076 3.7702256515622139
leaf_count=326 205 31 34 27
internal_value=-6.35656e-05 0.00416393 0.0303187 0.0578783
internal_weight=78.8128 52.0429 12.1303 7.24225
internal_count=623 418 92 58
is_linear=0
shrinkage=0.1


Tree=89
num_leaves=5
num_cat=0
split_feature=5 5 2 2
split_gain=0.29308 1.86326 2.00573 0.996884
threshold=7.977100000000001 10.481250000000001 21.500000000000004 31.500000000000004
decision_type=2 2 8 8
left_child=-1 2 -2 -3
right_child=1 3 -4 -5
leaf_value=0.0098948261071063956 0.0247585083241336 -0.010791694593373964 -0.080738470358087552 0.01777219958247769
leaf_weight=21.49900590069592 2.6323600336909267 24.154901891946793 5.7141475118696698 24.72483928129077
leaf_count=167 21 190 48 197
internal_value=-5.97882e-05 -0.00379958 -0.0474663 0.00365678
internal_weight=78.7253 57.2262 8.34651 48.8797
internal_count=623 456 69 387
is_linear=0
shrinkage=0.1


Tree=90
num_leaves=5
num_cat=0
split_feature=2 2 5 5
split_gain=0.317234 1.27051 1.73276 1.1655
threshold=35.500000000000007 31.500000000000004 12.587500000000002 7.7979000000000012
decision_type=10 10 2 2
left_child=1 3 -3 -1
right_child=-2 2 -4 -5
leaf_value=0.025830119028909689 -0.012519748421421473 -0.015292529264242403 0.087680427762398067 -0.0093548881224728552
leaf_weight=11.997952345758675 16.241148279979825 2.8236015997827044 3.8792407140135765 43.722753653302789
leaf_count=87 145 22 31 338
internal_value=-6.98477e-05 0.00316933 0.0443026 -0.00177875
internal_weight=78.6647 62.4235 6.70284 55.7207
internal_count=623 478 53 425
is_linear=0
shrinkage=0.1


Tree=91
num_leaves=5
num_cat=0
split_feature=5 2 5 5
split_gain=0.306081 0.742292 0.540055 1.77104
threshold=126.82500000000002 6.5000000000000009 52.277100000000011 38.002100000000006
decision_type=2 8 2 2
left_child=1 -1 3 -3
right_child=-2 2 -4 -5
leaf_value=0.040001287720269812 -0.033414100479334373 -0.0013720547058996817 0.020402113874964285 -0.086841432128302309
leaf_weight=4.6074898708611718 2.6594217605888835 58.994087131693959 9.790139025077222 2.5283251348882905
leaf_count=37 25 458 78 25
internal_value=-6.77482e-05 0.00110035 -0.00141303 -0.0048845
internal_weight=78.5795 75.92 71.3126 61.5224
internal_count=623 598 561 483
is_linear=0
shrinkage=0.1


Tree=92
num_leaves=5
num_cat=0
split_feature=1 0 5 5
split_gain=0.298535 0.713918 1.56984 0.802146
threshold=1.0000000180025095e-35 2.5000000000000004 141.07705000000001 15.075000000000001
decision_type=2 2 2 2
left_child=1 2 -1 -3
right_child=-2 3 -4 -5
leaf_value=0.064676212157765631 -0.0045356148300614999 -0.01535781627349344 -0.067526515221254566 0.024686629173497971
leaf_weight=4.7105527669191387 51.442080155014992 13.10464581847191 1.1098241247236726 8.0906453728675825
leaf_count=96 410 59 14 44
internal_value=-6.54019e-05 0.00844659 0.0394679 -7.20906e-05
internal_weight=78.4577 27.0157 5.82038 21.1953
internal_count=623 213 110 103
is_linear=0
shrinkage=0.1


Tree=93
num_leaves=5
num_cat=0
split_feature=3 2 5 0
split_gain=0.288189 1.06213 1.89632 1.35064
threshold=1.0000000180025095e-35 25.500000000000004 39.300000000000004 1.5000000000000002
decision_type=2 10 2 2
left_child=-1 2 -2 -3
right_child=1 3 -4 -5
leaf_value=0.0043187943542581349 0.029065443594300629 0.0078934077834600293 -0.055014743583844096 -0.060567644471201255
leaf_weight=51.531123405322433 11.378134885802867 5.0751060340553504 3.5098574198782435 6.6677830517292023
leaf_count=418 80 37 36 52
internal_value=-4.63534e-05 -0.00849297 0.00924346 -0.0309798
internal_weight=78.162 26.6309 14.888 11.7429
internal_count=623 205 116 89
is_linear=0
shrinkage=0.1


Tree=94
num_leaves=5
num_cat=0
split_feature=2 2 3 2
split_gain=0.260749 0.73755 0.660137 0.485638
threshold=45.250000000000007 55.750000000000007 1.0000000180025095e-35 30.500000000000004
decision_type=10 8 2 10
left_child=3 2 -2 -1
right_child=1 -3 -4 -5
leaf_value=-0.002750727720531605 -0.070121764183762592 0.022753347689939571 0.0023010466409482109 0.016765875565066275
leaf_weight=53.269366977736354 3.0056161172687981 2.9668649900704631 2.1652952618896961 16.76164530031383
leaf_count=412 31 23 16 141
internal_value=-4.8311e-05 -0.0169912 -0.039795 0.00192049
internal_weight=78.1688 8.13778 5.17091 70.031
internal_count=623 70 47 553
is_linear=0
shrinkage=0.1


Tree=95
num_leaves=5
num_cat=0
split_feature=1 5 2 4
split_gain=0.259108 0.871275 1.45358 1.77489
threshold=1.0000000180025095e-35 7.7354000000000012 25.500000000000004 1.0000000180025095e-35
decision_type=2 2 8 2
left_child=1 -1 3 -3
right_child=-2 2 -4 -5
leaf_value=0.066238014085998831 -0.004219263401509756 -0.069574411833720304 0.023188078528043544 0.013217971787247729
leaf_weight=2.3376333266496685 51.264307852834463 4.9278229232877511 14.158503951504825 5.4564689788967371
leaf_count=11 410 35 125 42
internal_value=-4.95984e-05 0.00790247 0.00234617 -0.0260708
internal_weight=78.1447 26.8804 24.5428 10.3843
internal_count=623 213 202 77
is_linear=0
shrinkage=0.1


Tree=96
num_leaves=5
num_cat=0
split_feature=3 2 5 2
split_gain=0.254587 0.978904 1.67107 1.16189
threshold=1.0000000180025095e-35 25.500000000000004 23.725000000000005 31.500000000000004
decision_type=2 10 2 8
left_child=-1 2 -2 -3
right_child=1 3 -4 -5
leaf_value=0.0040664952973548316 0.040601611618643611 -0.075085352061268512 -0.026455903200176906 -0.007700122015997549
leaf_weight=51.391818962991238 7.8761281706392783 3.8033913485705826 7.0360048208385706 7.8194429911673078
leaf_count=418 51 27 65 62
internal_value=-4.06204e-05 -0.00799511 0.00896181 -0.0297509
internal_weight=77.9268 26.535 14.9121 11.6228
internal_count=623 205 116 89
is_linear=0
shrinkage=0.1


Tree=97
num_leaves=5
num_cat=0
split_feature=2 2 2 2
split_gain=0.246069 1.07512 1.47959 1.57334
threshold=35.500000000000007 30.500000000000004 27.500000000000004 25.500000000000004
decision_type=10 10 10 10
left_child=1 2 3 -1
right_child=-2 -3 -4 -5
leaf_value=-0.0023940858129917288 -0.011117700035321226 0.034992492427265022 -0.050151862317233009 0.061953599950783422
leaf_weight=43.112218827009201 15.952194919809697 8.8909946233034116 5.8212108165025702 4.1670439690351477
leaf_count=337 145 66 50 25
internal_value=-4.14299e-05 0.00280881 -0.00257993 0.00327731
internal_weight=77.9437 61.9915 53.1005 47.2793
internal_count=623 478 412 362
is_linear=0
shrinkage=0.1


Tree=98
num_leaves=5
num_cat=0
split_feature=0 2 5 2
split_gain=0.219763 1.12726 1.07391 1.37847
threshold=1.5000000000000002 22.500000000000004 27.735400000000002 41.500000000000007
decision_type=2 10 2 8
left_child=1 -1 -3 -4
right_child=-2 2 3 -5
leaf_value=-0.035745379007849437 -0.0029326558547490447 0.085715143065955124 0.041983752006399012 -0.028465533622252875
leaf_weight=4.1706649679690626 60.125802243128419 2.3156661577522746 6.3040181472897503 4.9648479558527479
leaf_count=35 484 16 52 36
internal_value=-4.60105e-05 0.00972926 0.0236907 0.0109451
internal_weight=77.881 17.7552 13.5845 11.2689
internal_count=623 139 104 88
is_linear=0
shrinkage=0.1


Tree=99
num_leaves=5
num_cat=0
split_feature=2 2 5 5
split_gain=0.233139 1.26645 0.845723 1.26273
threshold=17.500000000000004 18.500000000000004 14.427100000000001 31.331250000000001
decision_type=8 8 2 2
left_child=2 -2 -1 -4
right_child=1 -3 3 -5
leaf_value=0.052831252661118003 -0.067920106396738011 0.00065974315180994305 -0.040190711144212826 0.048958137672123266
leaf_weight=3.6309383250772935 2.809896156191825 64.586690649390221 4.2612258084118366 2.5334524940699339
leaf_count=24 18 522 33 26
internal_value=-4.67653e-05 -0.00219949 0.0138695 -0.00695082
internal_weight=77.8222 67.3966 10.4256 6.79468
internal_count=623 540 83 59
is_linear=0
shrinkage=0.1


end of trees

feature_importances:
Age=141
Fare=130
Pclass=44
Sex=42
SibSp=32
Parch=11

parameters:
[boosting: gbdt]
[objective: binary]
[metric: binary_logloss,binary_error]
[tree_learner: serial]
[device_type: cpu]
[data_sample_strategy: bagging]
[data: ]
[valid: ]
[num_iterations: 100]
[learning_rate: 0.1]
[num_leaves: 5]
[num_threads: 0]
[seed: 0]
[deterministic: 0]
[force_col_wise: 0]
[force_row_wise: 0]
[histogram_pool_size: -1]
[max_depth: -1]
[min_data_in_leaf: 20]
[min_sum_hessian_in_leaf: 0.001]
[bagging_fraction: 1]
[pos_bagging_fraction: 1]
[neg_bagging_fraction: 1]
[bagging_freq: 0]
[bagging_seed: 3]
[bagging_by_query: 0]
[feature_fraction: 1]
[feature_fraction_bynode: 1]
[feature_fraction_seed: 2]
[extra_trees: 0]
[extra_seed: 6]
[early_stopping_round: 0]
[early_stopping_min_delta: 0]
[first_metric_only: 0]
[max_delta_step: 0]
[lambda_l1: 0]
[lambda_l2: 0]
[linear_lambda: 0]
[min_gain_to_split: 0]
[drop_rate: 0.1]
[max_drop: 50]
[skip_drop: 0.5]
[xgboost_dart_mode: 0]
[uniform_drop: 0]
[drop_seed: 4]
[top_rate: 0.2]
[other_rate: 0.1]
[min_data_per_group: 100]
[max_cat_threshold: 32]
[cat_l2: 10]
[cat_smooth: 10]
[max_cat_to_onehot: 4]
[top_k: 20]
[monotone_constraints: ]
[monotone_constraints_method: basic]
[monotone_penalty: 0]
[feature_contri: ]
[forcedsplits_filename: ]
[refit_decay_rate: 0.9]
[cegb_tradeoff: 1]
[cegb_penalty_split: 0]
[cegb_penalty_feature_lazy: ]
[cegb_penalty_feature_coupled: ]
[path_smooth: 0]
[interaction_constraints: ]
[verbosity: -1]
[saved_feature_importance_type: 0]
[use_quantized_grad: 0]
[num_grad_quant_bins: 4]
[quant_train_renew_leaf: 0]
[stochastic_rounding: 1]
[linear_tree: 0]
[max_bin: 255]
[max_bin_by_feature: ]
[min_data_in_bin: 3]
[bin_construct_sample_cnt: 200000]
[data_random_seed: 1]
[is_enable_sparse: 1]
[enable_bundle: 1]
[use_missing: 1]
[zero_as_missing: 0]
[feature_pre_filter: 1]
[pre_partition: 0]
[two_round: 0]
[header: 0]
[label_column: ]
[weight_column: ]
[group_column: ]
[ignore_column: ]
[categorical_feature: ]
[forcedbins_filename: ]
[precise_float_parser: 0]
[parser_config_file: ]
[objective_seed: 5]
[num_class: 1]
[is_unbalance: 0]
[scale_pos_weight: 1]
[sigmoid: 1]
[boost_from_average: 1]
[reg_sqrt: 0]
[alpha: 0.9]
[fair_c: 1]
[poisson_max_delta_step: 0.7]
[tweedie_variance_power: 1.5]
[lambdarank_truncation_level: 30]
[lambdarank_norm: 1]
[label_gain: ]
[lambdarank_position_bias_regularization: 0]
[eval_at: ]
[multi_error_top_k: 1]
[auc_mu_weights: ]
[num_machines: 1]
[local_listen_port: 12400]
[time_out: 120]
[machine_list_filename: ]
[machines: ]
[gpu_platform_id: -1]
[gpu_device_id: -1]
[gpu_use_dp: 0]
[num_gpu: 1]

end of parameters

pandas_categorical:null
